1698
2540
3573
3015
4344
1890
1782
715
4949
647
4860
772
2961
2168
4613
1269
2817
3036
1632
2533
146
1126
2115
647
964
714
1104
843
3428
2418
4132
326
1491
196
3813
3597
3795
2752
830
2812
2840
3990
4015
4535
1989
1535
47
3703
1961
4583
1973
1095
4811
1068
1324
1794
758
2099
221
2582
3491
216
1633
2745
4496
2995
4368
2577
3542
1527
2889
237
4110
3922
629
434
1996
2013
3390
1245
4938
3126
4819
2239
2174
356
2875
2852
872
1861
4611
2989
2525
4195
1649
4804
3068
294
3700
4794
2098
2137
3089
777
1914
4570
2728
2318
4675
515
1049
4348
3296
1626
1126
2332
1531
616
161
1941
1894
2332
1149
660
3947
1983
3985
4477
2550
1143
987
2364
4042
604
978
1912
1807
4009
3408
299
708
4279
4731
3480
3026
1934
2328
3199
3144
1496
3677
3477
605
152
3018
507
796
3925
4379
3657
200
3253
2990
3991
3821
1858
2686
2690
3658
2434
689
4597
3050
1173
793
4821
1901
4364
4375
2494
4169
504
542
3037
1858
707
4747
3287
2829
4679
3959
990
2095
2870
3333
93
4361
3136
258
831
4993
1845
3463
2162
4016
476
3989
4466
3011
279
4973
2511
707
2970
2334
3188
1221
2381
374
3445
4360
317
1993
841
674
1292
1104
4070
3100
2062
478
4447
4982
479
1530
2359
3662
3915
341
169
295
3590
4069
4410
1202
3560
4899
1432
4788
3680
1949
4467
3903
2305
2533
842
4155
2986
3843
2261
660
1586
3763
177
2335
768
3649
2892
2745
4853
1630
656
1160
2414
1921
3214
3190
4031
4692
2043
1423
1495
2306
2390
4275
2438
2639
4199
4882
1425
248
283
3697
1236
2428
364
3587
3701
3569
3491
1070
1495
1860
4344
4055
1788
4579
997
2564
2942
2554
1119
700
3846
1169
2453
3094
3571
2582
2319
2144
4045
4237
4172
3565
2075
2861
3625
4846
1237
2535
831
4077
143
1362
516
1269
2216
3101
4350
1144
361
855
339
2784
2589
2937
725
3174
3355
4576
4724
2660
4192
1731
4091
3747
3396
2667
2006
3252
4316
4264
3104
3933
3658
3422
4918
2324
2347
91
1669
2118
3462
2228
1925
4256
154
718
4621
2914
4358
1071
2222
3963
2658
2392
1801
3318
2991
1939
443
1351
1592
4888
3997
176
3901
3404
172
2877
467
4216
2037
3187
2608
2658
3992
3652
4124
3617
636
1545
2705
787
2721
2006
849
1951
1575
1550
3456
1694
4051
1145
5000
468
695
3925
4498
2513
1075
2478
4221
3208
207
182
4451
2466
400
1932
3906
3743
4594
2010
145
335
715
551
4809
669
4808
4927
878
2188
1232
1008
1181
331
1127
2924
397
2889
819
1559
4702
1799
1047
3760
1830
1323
4593
1278
3039
2579
4681
4097
2263
508
3900
2293
1550
687
185
2477
2195
3450
2616
1499
299
1250
312
3299
908
1970
4758
3168
1210
3641
17
427
2074
1775
682
1432
428
4130
2941
332
3208
4728
4528
3333
1232
0
1834
4864
1388
4055
4586
312
4156
4485
27
1494
2358
1917
800
4852
4545
678
2331
382
4438
3798
4508
230
3292
186
1220
849
4082
413
261
2775
2974
1259
1944
1582
2188
4450
876
2062
3373
3523
1341
1026
4834
4516
4615
3993
4684
448
798
238
4744
4685
4119
4386
990
3230
4549
4170
4035
4397
1121
1657
378
4233
3843
3951
1539
2825
1433
4161
11
1327
763
2600
2367
3876
4497
288
3713
3032
1327
4715
4860
2406
2559
1961
4788
2030
3584
3962
3588
2917
300
3627
3555
2841
2799
4617
325
3535
998
1033
4530
4431
176
3405
4624
4436
433
3279
4700
4287
3247
2821
4287
4449
1220
3369
4683
4228
4697
1339
777
3228
1867
2945
4861
1593
918
1411
990
3932
1735
1324
2757
1057
1724
4048
4120
30
1666
4021
2353
831
1869
2790
2650
3658
1699
2895
3310
2078
631
1804
1762
665
1358
460
4251
3463
677
1874
266
2218
3805
3305
2812
355
787
2607
1505
454
4185
4051
1770
2470
1108
224
2700
1373
4690
1746
4842
220
1262
4972
182
1826
3008
419
3000
2185
1986
3065
3033
4321
3902
1295
4598
2634
4720
1546
67
24
3285
2942
3769
3401
26
2690
2691
1748
1893
797
1111
3494
2736
3799
4893
1479
2730
4623
2105
53
2192
3053
987
1065
4769
2822
1151
882
4853
4971
663
283
4234
1680
3062
299
2296
4134
1564
4196
4914
2947
884
2213
4535
4878
941
2511
2674
3234
1594
4755
3135
4745
2742
4834
577
1393
288
3527
3076
2467
1318
77
183
2214
2726
71
4521
1035
4861
3090
3037
4326
4207
892
881
4018
4607
3059
4726
4147
1114
3448
1013
298
1414
3167
736
4225
2604
3609
530
272
4794
2665
505
3944
4898
4844
1607
1972
3416
3537
4094
3658
4717
4384
253
1169
3357
482
1789
91
3390
2775
3312
4793
2510
4238
4222
1072
3110
3092
593
3761
2840
3662
3228
4011
33
3454
1694
3906
4535
1170
4438
2966
1558
3264
289
3454
524
4956
3610
3394
1410
1442
1274
1834
1227
897
1708
2106
44
849
1273
965
2423
346
2552
2738
2763
1422
3784
3855
2460
3477
1313
4710
501
962
1731
2920
4844
1171
3645
1014
3089
3733
4424
4724
4382
721
3963
4946
965
4477
3867
1410
4645
923
3636
4939
4808
919
4906
4869
1972
582
2087
370
4433
4538
2093
2933
2754
3141
606
157
1322
3898
1846
3535
1193
3219
2145
661
612
1677
675
3982
1497
648
3293
598
4181
4633
1368
3105
4507
1481
1571
356
1474
2350
655
4800
69
1531
3058
896
1736
509
20
390
1538
1407
3364
2297
3132
4979
3725
262
2690
4440
2988
4618
607
4076
3812
1697
3215
2757
3897
1416
3967
1754
1005
2287
2467
4892
4102
2697
954
1975
4811
3828
123
1416
3726
